46
544.51 230.00

467.82 232.00

402.98 234.00

348.00 236.00

301.27 238.00

261.44 240.00

227.41 242.00

198.26 244.00

173.23 246.00

151.69 248.00

133.11 250.00

117.05 252.00

103.14 254.00

91.06 256.00

80.55 258.00

71.39 260.00

63.38 262.00

56.38 264.00

50.24 266.00

44.84 268.00

40.09 270.00

35.91 272.00

32.21 274.00

28.94 276.00

26.04 278.00

23.46 280.00

21.18 282.00

19.14 284.00

17.32 286.00

15.70 288.00

14.25 290.00

12.95 292.00

11.78 294.00

10.74 296.00

9.79 298.00

8.95 300.00

8.18 302.00

7.49 304.00

6.87 306.00

6.30 308.00

5.79 310.00

5.32 312.00

4.90 314.00

4.52 316.00

4.17 318.00

3.85 320.00
